# dynamic_c=1_k=2_n=250_b=-0.08_p=0.3
#
# N1	aoic	stdev
0	-1.04762	0.000184376
3	-1.02922	0.00379413
6	-0.999789	0.00507782
9	-0.966864	0.0619795
12	-0.931204	0.0960478
15	-0.883478	0.176762
18	-0.831459	0.216808
21	-0.700312	0.422819
24	-0.530702	0.547862
27	-0.302714	0.660897
30	0.0302732	0.736592
33	0.348603	0.695135
36	0.599759	0.610718
39	0.863361	0.409668
42	0.959004	0.276887
45	1.0183	0.14146
48	1.04046	0.0564758
51	1.0477	0.030539
54	1.05412	0.000562147
57	1.05876	0.00058262
60	1.06336	0.000612361
63	1.06794	0.000628932
66	1.07251	0.000611287
69	1.07704	0.000646399
72	1.08156	0.00061775
75	1.08609	0.000662729
78	1.09059	0.000664489
81	1.09501	0.00064675
84	1.09949	0.000661728
87	1.10387	0.000676533
90	1.10827	0.000646753
93	1.1126	0.000666253
96	1.11697	0.000636258
99	1.1213	0.000676287
102	1.12563	0.000681904
105	1.12992	0.000655636
108	1.13417	0.000658198
111	1.13845	0.000664599
114	1.14268	0.00067121
117	1.14686	0.000652877
120	1.15105	0.000642991
123	1.15528	0.000654145
126	1.15944	0.000657817
129	1.1636	0.000617272
132	1.16774	0.000641741
135	1.1718	0.00059845
138	1.17592	0.000599444
141	1.17999	0.000603381
144	1.18405	0.000614967
147	1.18811	0.000609495
150	1.19212	0.000581144
